         8.908728734078212e-01         8.908728734078212e-01         8.908728734078212e-01                          1000
         6.740432710700656e-01         8.691899131740456e-01         6.740432710700656e-01                          1000
         7.573271566928657e-01         8.580036375259276e-01         6.740432710700656e-01                          1000
         6.182959569929097e-01         8.340328694726258e-01         6.182959569929097e-01                          1000
         7.531620645170912e-01         8.259457889770724e-01         6.182959569929097e-01                          1000
         9.355059102109057e-01         8.369018011004556e-01         6.182959569929097e-01                          1000
         6.045434645297915e-01         8.136659674433891e-01         6.045434645297915e-01                          1000
         9.062176740770023e-01         8.229211381067505e-01         6.045434645297915e-01                          1000
         8.131565160091758e-01         8.219446758969930e-01         6.045434645297915e-01                          1000
         6.523351524866911e-01         8.049837235559628e-01         6.045434645297915e-01                          1000
